0,201912
1,202001
2,202002
3,202003
4,202004
5,202005
6,202006
7,202007
8,202008
9,202009
10,202010
11,202011
12,202012
13,202101
14,202102
15,202103
16,202104
17,202105
18,202106
19,202107
20,202108
21,202109
22,202110
23,202111
24,202112
25,202201
26,202202
27,202203
28,202204
29,202205
30,202206
31,202207
32,202208
33,202209
34,202210
35,202211
36,202212
37,202301
38,202302
39,202303
40,202304
41,202305
42,202306
43,202307
44,202308
45,202309
46,202310
47,202311
48,202312
49,202401
50,202402
51,202403
52,202404
53,202405
54,202406
55,202407
56,202408
57,202409
58,202410
59,202411
60,202412
61,202501
62,202502
63,202503
64,202504
65,202505
66,202506
67,202507
68,202508
69,202509
70,202510
71,202511
72,202512
73,202601
74,202602
75,202603
76,202604
77,202605
78,202606
79,202607
80,202608
81,202609
82,202610
83,202611
84,202612
85,202701
86,202702
87,202703
88,202704
89,202705
90,202706
91,202707
92,202708
93,202709
94,202710
95,202711
96,202712
97,202801
98,202802
99,202803
100,202804
101,202805
102,202806
103,202807
104,202808
105,202809
106,202810
107,202811
108,202812
109,202901
110,202902
111,202903
112,202904
113,202905
114,202906
115,202907
116,202908
117,202909
118,202910
119,202911
120,202912
121,203001
122,203002
123,203003
124,203004
125,203005
126,203006
127,203007
128,203008
129,203009
130,203010
131,203011
132,203012
133,203101
134,203102
135,203103
136,203104
137,203105
138,203106
139,203107
140,203108
141,203109
142,203110
143,203111
144,203112
145,203201
146,203202
147,203203
148,203204
149,203205
150,203206
151,203207
152,203208
153,203209
154,203210
155,203211
156,203212
157,203301
158,203302
159,203303
160,203304
161,203305
162,203306
163,203307
164,203308
165,203309
166,203310
167,203311
168,203312
169,203401
170,203402
171,203403
172,203404
173,203405
174,203406
175,203407
176,203408
177,203409
178,203410
179,203411
180,203412
181,203501
182,203502
183,203503
184,203504
185,203505
186,203506
187,203507
188,203508
189,203509
190,203510
191,203511
192,203512
193,203601
194,203602
195,203603
196,203604
197,203605
198,203606
199,203607
200,203608
201,203609
202,203610
203,203611
204,203612
205,203701
206,203702
207,203703
208,203704
209,203705
210,203706
211,203707
212,203708
213,203709
214,203710
215,203711
216,203712
217,203801
218,203802
219,203803
220,203804
221,203805
222,203806
223,203807
224,203808
225,203809
226,203810
227,203811
228,203812
229,203901
230,203902
231,203903
232,203904
233,203905
234,203906
235,203907
236,203908
237,203909
238,203910
239,203911
240,203912
241,204001
242,204002
243,204003
244,204004
245,204005
246,204006
247,204007
248,204008
249,204009
250,204010
251,204011
252,204012
253,204101
254,204102
255,204103
256,204104
257,204105
258,204106
259,204107
260,204108
261,204109
262,204110
263,204111
264,204112
265,204201
266,204202
267,204203
268,204204
269,204205
270,204206
271,204207
272,204208
273,204209
274,204210
275,204211
276,204212
277,204301
278,204302
279,204303
280,204304
281,204305
282,204306
283,204307
284,204308
285,204309
286,204310
287,204311
288,204312
289,204401
290,204402
291,204403
292,204404
293,204405
294,204406
295,204407
296,204408
297,204409
298,204410
299,204411
300,204412
301,204501
302,204502
303,204503
304,204504
305,204505
306,204506
307,204507
308,204508
309,204509
310,204510
311,204511
312,204512
313,204601
314,204602
315,204603
316,204604
317,204605
318,204606
319,204607
320,204608
321,204609
322,204610
323,204611
324,204612
325,204701
326,204702
327,204703
328,204704
329,204705
330,204706
331,204707
332,204708
333,204709
334,204710
335,204711
336,204712
337,204801
338,204802
339,204803
340,204804
341,204805
342,204806
343,204807
344,204808
345,204809
346,204810
347,204811
348,204812
349,204901
350,204902
351,204903
352,204904
353,204905
354,204906
355,204907
356,204908
357,204909
358,204910
359,204911
360,204912
361,205001
362,205002
363,205003
364,205004
365,205005
366,205006
367,205007
368,205008
369,205009
370,205010
371,205011
372,205012
373,205101
374,205102
375,205103
376,205104
377,205105
378,205106
379,205107
380,205108
381,205109
382,205110
383,205111
384,205112
385,205201
386,205202
387,205203
388,205204
389,205205
390,205206
391,205207
392,205208
393,205209
394,205210
395,205211
396,205212
397,205301
398,205302
399,205303
400,205304
401,205305
402,205306
403,205307
404,205308
405,205309
406,205310
407,205311
408,205312
409,205401
410,205402
411,205403
412,205404
413,205405
414,205406
415,205407
416,205408
417,205409
418,205410
419,205411
420,205412
421,205501
422,205502
423,205503
424,205504
425,205505
426,205506
427,205507
428,205508
429,205509
430,205510
431,205511
432,205512
433,205601
434,205602
435,205603
436,205604
437,205605
438,205606
439,205607
440,205608
441,205609
442,205610
443,205611
444,205612
445,205701
446,205702
447,205703
448,205704
449,205705
450,205706
451,205707
452,205708
453,205709
454,205710
455,205711
456,205712
457,205801
458,205802
459,205803
460,205804
461,205805
462,205806
463,205807
464,205808
465,205809
466,205810
467,205811
468,205812
469,205901
470,205902
471,205903
472,205904
473,205905
474,205906
475,205907
476,205908
477,205909
478,205910
479,205911
480,205912
481,206001
482,206002
483,206003
484,206004
485,206005
486,206006
487,206007
488,206008
489,206009
490,206010
491,206011
492,206012
493,206101
494,206102
495,206103
496,206104
497,206105
498,206106
499,206107
500,206108
501,206109
502,206110
503,206111
504,206112
505,206201
506,206202
507,206203
508,206204
509,206205
510,206206
511,206207
512,206208
513,206209
514,206210
515,206211
516,206212
517,206301
518,206302
519,206303
520,206304
521,206305
522,206306
523,206307
524,206308
525,206309
526,206310
527,206311
528,206312
529,206401
530,206402
531,206403
532,206404
533,206405
534,206406
535,206407
536,206408
537,206409
538,206410
539,206411
540,206412
541,206501
542,206502
543,206503
544,206504
545,206505
546,206506
547,206507
548,206508
549,206509
550,206510
551,206511
552,206512
553,206601
554,206602
555,206603
556,206604
557,206605
558,206606
559,206607
560,206608
561,206609
562,206610
563,206611
564,206612
565,206701
566,206702
567,206703
568,206704
569,206705
570,206706
571,206707
572,206708
573,206709
574,206710
575,206711
576,206712
577,206801
578,206802
579,206803
580,206804
581,206805
582,206806
583,206807
584,206808
585,206809
586,206810
587,206811
588,206812
589,206901
590,206902
591,206903
592,206904
593,206905
594,206906
595,206907
596,206908
597,206909
598,206910
599,206911
600,206912
601,207001
602,207002
603,207003
604,207004
605,207005
606,207006
607,207007
608,207008
609,207009
610,207010
611,207011
612,207012
613,207101
614,207102
615,207103
616,207104
617,207105
618,207106
619,207107
620,207108
621,207109
622,207110
623,207111
624,207112
625,207201
626,207202
627,207203
628,207204
629,207205
630,207206
631,207207
632,207208
633,207209
634,207210
635,207211
636,207212
637,207301
638,207302
639,207303
640,207304
641,207305
642,207306
643,207307
644,207308
645,207309
646,207310
647,207311
648,207312
649,207401
650,207402
651,207403
652,207404
653,207405
654,207406
655,207407
656,207408
657,207409
658,207410
659,207411
660,207412
661,207501
662,207502
663,207503
664,207504
665,207505
666,207506
667,207507
668,207508
669,207509
670,207510
671,207511
672,207512
673,207601
674,207602
675,207603
676,207604
677,207605
678,207606
679,207607
680,207608
681,207609
682,207610
683,207611
684,207612
685,207701
686,207702
687,207703
688,207704
689,207705
690,207706
691,207707
692,207708
693,207709
694,207710
695,207711
696,207712
697,207801
698,207802
699,207803
700,207804
701,207805
702,207806
703,207807
704,207808
705,207809
706,207810
707,207811
708,207812
709,207901
710,207902
711,207903
712,207904
713,207905
714,207906
715,207907
716,207908
717,207909
718,207910
719,207911
720,207912
721,208001
722,208002
723,208003
724,208004
725,208005
726,208006
727,208007
728,208008
729,208009
730,208010
731,208011
732,208012
733,208101
734,208102
735,208103
736,208104
737,208105
738,208106
739,208107
740,208108
741,208109
742,208110
743,208111
744,208112
745,208201
746,208202
747,208203
748,208204
749,208205
750,208206
751,208207
752,208208
753,208209
754,208210
755,208211
756,208212
757,208301
758,208302
759,208303
760,208304
761,208305
762,208306
763,208307
764,208308
765,208309
766,208310
767,208311
768,208312
769,208401
770,208402
771,208403
772,208404
773,208405
774,208406
775,208407
776,208408
777,208409
778,208410
779,208411
780,208412
781,208501
782,208502
783,208503
784,208504
785,208505
786,208506
787,208507
788,208508
789,208509
790,208510
791,208511
792,208512
793,208601
794,208602
795,208603
796,208604
797,208605
798,208606
799,208607
800,208608
801,208609
802,208610
803,208611
804,208612
805,208701
806,208702
807,208703
808,208704
809,208705
810,208706
811,208707
812,208708
813,208709
814,208710
815,208711
816,208712
817,208801
818,208802
819,208803
820,208804
821,208805
822,208806
823,208807
824,208808
825,208809
826,208810
827,208811
828,208812
829,208901
830,208902
831,208903
832,208904
833,208905
834,208906
835,208907
836,208908
837,208909
838,208910
839,208911
840,208912
841,209001
842,209002
843,209003
844,209004
845,209005
846,209006
847,209007
848,209008
849,209009
850,209010
851,209011
852,209012
853,209101
854,209102
855,209103
856,209104
857,209105
858,209106
859,209107
860,209108
861,209109
862,209110
863,209111
864,209112
865,209201
866,209202
867,209203
868,209204
869,209205
870,209206
871,209207
872,209208
873,209209
874,209210
875,209211
876,209212
877,209301
878,209302
879,209303
880,209304
881,209305
882,209306
883,209307
884,209308
885,209309
886,209310
887,209311
888,209312
889,209401
890,209402
891,209403
892,209404
893,209405
894,209406
895,209407
896,209408
897,209409
898,209410
899,209411
900,209412
901,209501
902,209502
903,209503
904,209504
905,209505
906,209506
907,209507
908,209508
909,209509
910,209510
911,209511
912,209512
913,209601
914,209602
915,209603
916,209604
917,209605
918,209606
919,209607
920,209608
921,209609
922,209610
923,209611
924,209612
925,209701
926,209702
927,209703
928,209704
929,209705
930,209706
931,209707
932,209708
933,209709
934,209710
935,209711
936,209712
937,209801
938,209802
939,209803
940,209804
941,209805
942,209806
943,209807
944,209808
945,209809
946,209810
947,209811
948,209812
949,209901
950,209902
951,209903
952,209904
953,209905
954,209906
955,209907
956,209908
957,209909
958,209910
959,209911
960,209912
961,210001
962,210002
963,210003
964,210004
965,210005
966,210006
967,210007
968,210008
969,210009
970,210010
971,210011
972,210012
973,210101
974,210102
975,210103
976,210104
977,210105
978,210106
979,210107
980,210108
981,210109
982,210110
983,210111
984,210112
985,210201
986,210202
987,210203
988,210204
989,210205
990,210206
991,210207
992,210208
993,210209
994,210210
995,210211
996,210212
997,210301
998,210302
999,210303
1000,210304
1001,210305
1002,210306
1003,210307
1004,210308
1005,210309
1006,210310
1007,210311
1008,210312
1009,210401
1010,210402
1011,210403
1012,210404
1013,210405
1014,210406
1015,210407
1016,210408
1017,210409
1018,210410
1019,210411
1020,210412
1021,210501
1022,210502
1023,210503
1024,210504
1025,210505
1026,210506
1027,210507
1028,210508
1029,210509
1030,210510
1031,210511
1032,210512
1033,210601
1034,210602
1035,210603
1036,210604
1037,210605
1038,210606
1039,210607
1040,210608
1041,210609
1042,210610
1043,210611
1044,210612
1045,210701
1046,210702
1047,210703
1048,210704
1049,210705
1050,210706
1051,210707
1052,210708
1053,210709
1054,210710
1055,210711
1056,210712
1057,210801
1058,210802
1059,210803
1060,210804
1061,210805
1062,210806
1063,210807
1064,210808
1065,210809
1066,210810
1067,210811
1068,210812
1069,210901
1070,210902
1071,210903
1072,210904
1073,210905
1074,210906
1075,210907
1076,210908
1077,210909
1078,210910
1079,210911
1080,210912
1081,211001
1082,211002
1083,211003
1084,211004
1085,211005
1086,211006
1087,211007
1088,211008
1089,211009
1090,211010
1091,211011
1092,211012
1093,211101
1094,211102
1095,211103
1096,211104
1097,211105
1098,211106
1099,211107
1100,211108
1101,211109
1102,211110
1103,211111
1104,211112
1105,211201
1106,211202
1107,211203
1108,211204
1109,211205
1110,211206
1111,211207
1112,211208
1113,211209
1114,211210
1115,211211
1116,211212
1117,211301
1118,211302
1119,211303
1120,211304
1121,211305
1122,211306
1123,211307
1124,211308
1125,211309
1126,211310
1127,211311
1128,211312
1129,211401
1130,211402
1131,211403
1132,211404
1133,211405
1134,211406
1135,211407
1136,211408
1137,211409
1138,211410
1139,211411
1140,211412
1141,211501
1142,211502
1143,211503
1144,211504
1145,211505
1146,211506
1147,211507
1148,211508
1149,211509
1150,211510
1151,211511
1152,211512
1153,211601
1154,211602
1155,211603
1156,211604
1157,211605
1158,211606
1159,211607
1160,211608
1161,211609
1162,211610
1163,211611
1164,211612
1165,211701
1166,211702
1167,211703
1168,211704
1169,211705
1170,211706
1171,211707
1172,211708
1173,211709
1174,211710
1175,211711
1176,211712
1177,211801
1178,211802
1179,211803
1180,211804
1181,211805
1182,211806
1183,211807
1184,211808
1185,211809
1186,211810
1187,211811
1188,211812
1189,211901
1190,211902
1191,211903
1192,211904
1193,211905
1194,211906
1195,211907
1196,211908
1197,211909
1198,211910
1199,211911
1200,211912
